[Calib]
PIXEL_WL_MAP=1376,546.10#1253,435.80#1219,404.70#1175,365.40#1144,334.00#1120,312.50#
a=0.0000007046479742
b=-0.0028062739333485
c=4.5819686805698403
d=-2286.4262867122902000
[Application Settings]
FirstTimeExecution = 0